beta_Kinoko = 35.61816518924234
sigma_Kinoko = 0.8174479569735829
beta_price = 0.16612905041689158
sigma_price = 0.03337492246056418
beta_Takenoko = 36.78384670997302
sigma_Takenoko = 4.412786949836938
