beta_Kinoko = 34.3451699635448
sigma_Kinoko = 2.1229329479776595
beta_price = 0.16075280728360083
sigma_price = 0.0289879516643818
beta_Takenoko = 35.602858176542846
sigma_Takenoko = 3.9798002215010273
