beta_Kinoko = 34.56729845355463
sigma_Kinoko = 1.4597152478461868
beta_price = 0.16141590112995696
sigma_price = 0.030766898236347023
beta_Takenoko = 35.79938776723689
sigma_Takenoko = 4.116395295796252
