beta_Kinoko = 35.19336043305378
sigma_Kinoko = 1.0314583985808523
beta_price = 0.16268930209574367
sigma_price = 0.031732138397772405
beta_Takenoko = 36.40258366006552
sigma_Takenoko = 4.4010293331019374
