beta_Kinoko = 34.31303762881998
sigma_Kinoko = 2.425679415438993
beta_price = 0.1620954118915218
sigma_price = 0.028330807865972907
beta_Takenoko = 35.48151413344815
sigma_Takenoko = 3.8747617257289138
