beta_Kinoko = 32.81077989284833
sigma_Kinoko = 4.142479433179331
beta_price = 0.16476253385044884
sigma_price = 0.0
beta_Takenoko = 34.38533541031826
sigma_Takenoko = 4.783099843069853
