beta_Kinoko = 34.41407922148294
sigma_Kinoko = 1.9332638010941403
beta_price = 0.16104177174429324
sigma_price = 0.028659136436710277
beta_Takenoko = 35.68781717771956
sigma_Takenoko = 4.042736270318807
