beta_Kinoko = 35.02439987606435
sigma_Kinoko = 1.624003724190895
beta_price = 0.16452205534682451
sigma_price = 0.031252763660813955
beta_Takenoko = 36.25068213295471
sigma_Takenoko = 4.211384370934831
