beta_Kinoko = 32.43727853557686
sigma_Kinoko = 4.106330982206035
beta_price = 0.16302033510278893
sigma_price = 0.0
beta_Takenoko = 34.01415831482354
sigma_Takenoko = 4.754611078191637
