beta_Kinoko = 35.31400674567983
sigma_Kinoko = 0.5574343462862652
beta_price = 0.1632344976868714
sigma_price = 0.033245923270978604
beta_Takenoko = 36.580269551725785
sigma_Takenoko = 4.317170116600302
