beta_Kinoko = 34.4926487666429
sigma_Kinoko = 1.9874552602069384
beta_price = 0.16197256301747046
sigma_price = 0.029100341471797613
beta_Takenoko = 35.67407383935266
sigma_Takenoko = 4.082366216163454
