beta_Kinoko = 34.42640277481161
sigma_Kinoko = 2.0973679368327467
beta_price = 0.16154539341997604
sigma_price = 0.029451338541186818
beta_Takenoko = 35.6719660335608
sigma_Takenoko = 3.9847592867299118
