beta_Kinoko = 34.60430460366445
sigma_Kinoko = 2.0362366910108896
beta_price = 0.16170696286013594
sigma_price = 0.029634106501652876
beta_Takenoko = 35.82532508498326
sigma_Takenoko = 3.979739392709093
