beta_Kinoko = 35.05426820280719
sigma_Kinoko = 1.6145731410968895
beta_price = 0.16383442523356032
sigma_price = 0.03193061147781202
beta_Takenoko = 36.238135721367755
sigma_Takenoko = 4.122664009316411
