beta_Kinoko = 32.85203671649469
sigma_Kinoko = 4.165122320468835
beta_price = 0.16426128833784584
sigma_price = 0.0
beta_Takenoko = 34.33491498929427
sigma_Takenoko = 4.807958870286931
