beta_Kinoko = 34.424289117692936
sigma_Kinoko = 2.278797768174812
beta_price = 0.16152826674248483
sigma_price = 0.0291682624404445
beta_Takenoko = 35.617050988354855
sigma_Takenoko = 3.8090888867047856
