beta_Kinoko = 34.28865266572789
sigma_Kinoko = 2.3605914294568184
beta_price = 0.16050859250009197
sigma_price = 0.028509349104081955
beta_Takenoko = 35.52671196583336
sigma_Takenoko = 3.85978625753037
