beta_Kinoko = 34.75744663056124
sigma_Kinoko = 1.9964114885849409
beta_price = 0.16301753991449633
sigma_price = 0.030493425888874867
beta_Takenoko = 36.049735247086076
sigma_Takenoko = 4.051845627975242
