beta_Kinoko = 34.832093954364574
sigma_Kinoko = 1.1976414150253623
beta_price = 0.16156645101258524
sigma_price = 0.03210939632015889
beta_Takenoko = 36.045134477828405
sigma_Takenoko = 4.2783998595201425
