beta_Kinoko = 34.79055975483446
sigma_Kinoko = 2.1829548083459667
beta_price = 0.16285322607463013
sigma_price = 0.030335081075340574
beta_Takenoko = 36.09240648488989
sigma_Takenoko = 4.006172643661824
