beta_Kinoko = 34.6491970843797
sigma_Kinoko = 1.7325126129871167
beta_price = 0.16250381624913748
sigma_price = 0.030725535585005827
beta_Takenoko = 35.830762768317726
sigma_Takenoko = 4.023679885111551
