beta_Kinoko = 34.08253386930876
sigma_Kinoko = 2.1097432604652258
beta_price = 0.1609631151312061
sigma_price = 0.026995036314398858
beta_Takenoko = 35.32070731006886
sigma_Takenoko = 4.037319812166179
