beta_Kinoko = 34.27842197514383
sigma_Kinoko = 2.032643451391694
beta_price = 0.1624122781257661
sigma_price = 0.02828369990816025
beta_Takenoko = 35.53106764911669
sigma_Takenoko = 4.037459356693242
