beta_Kinoko = 34.920711892784105
sigma_Kinoko = 2.03660886464008
beta_price = 0.1643901865490023
sigma_price = 0.030519608154562634
beta_Takenoko = 36.25398105714178
sigma_Takenoko = 4.082854770389465
