beta_Kinoko = 35.01812530113076
sigma_Kinoko = 0.0
beta_price = 0.16187643278389344
sigma_price = 0.03257967106867454
beta_Takenoko = 36.254324677390706
sigma_Takenoko = 4.406580217498505
