beta_Kinoko = 34.852440456258634
sigma_Kinoko = 2.055162498080591
beta_price = 0.16246235681021046
sigma_price = 0.03125007576993247
beta_Takenoko = 35.99048976828078
sigma_Takenoko = 3.9963914467977744
