beta_Kinoko = 34.70594859274644
sigma_Kinoko = 2.0897637535269933
beta_price = 0.16321552870464498
sigma_price = 0.030338951486305117
beta_Takenoko = 35.9307404909032
sigma_Takenoko = 3.943494055083015
