beta_Kinoko = 34.70067645228033
sigma_Kinoko = 1.749467681485412
beta_price = 0.16213212644438782
sigma_price = 0.029895206807233128
beta_Takenoko = 35.88386683383855
sigma_Takenoko = 4.105266753601159
