beta_Kinoko = 35.37517957455737
sigma_Kinoko = 0.0
beta_price = 0.16363076341234076
sigma_price = 0.032810835722808664
beta_Takenoko = 36.52441004215605
sigma_Takenoko = 4.539833079774328
