beta_Kinoko = 34.90715918169393
sigma_Kinoko = 2.120024276863754
beta_price = 0.16297272656982653
sigma_price = 0.030445610931549866
beta_Takenoko = 36.21172986628957
sigma_Takenoko = 4.019143466011946
