beta_Kinoko = 35.375274256674906
sigma_Kinoko = 2.138409466445681
beta_price = 0.1648176911455525
sigma_price = 0.03255547637838607
beta_Takenoko = 36.62492622800507
sigma_Takenoko = 3.9892315284638094
